import numpy as np

A = np.array([[1, 301, 90601, 27270901, 0, 0, 0, 0, 0, 0, 0, 0, 0, 0, 0, 0],
              [1, 306, 93636, 28652616, -1, -306, -93636, -28652616, 0, 0, 0, 0, 0, 0, 0, 0],
              [0, 0, 2, 1806, 0, 0, 0, 0, 0, 0, 0, 0, 0, 0, 0, 0],
              [0, 0, 2, 1836, 0, 0, -2, -1836, 0, 0, 0, 0, 0, 0, 0, 0],
              [0, 0, 0, 0, 1, 306, 93636, 28652616, 0, 0, 0, 0, 0, 0, 0, 0],
              [0, 1, 612, 280908, 0, -1, -612, -280908, 0, 0, 0, 0, 0, 0, 0, 0],
              [0, 0, 0, 0, 1, 318, 101124, 32157432, -1, -318, -101124, -32157432, 0, 0, 0, 0],
              [0, 0, 0, 0, 0, 1, 636, 303372, 0, -1, -636, -303372, 0, 0, 0, 0],
              [0, 0, 0, 0, 0, 0, 0, 0, 1, 332, 110224, 36594368, -1, -332, -110224, -36594368],
              [0, 0, 0, 0, 0, 0, 0, 0, 1, 318, 101124, 32157432, 0, 0, 0, 0],
              [0, 0, 0, 0, 0, 0, 0, 0, 0, 1, 664, 220448, 0, -1, -664, -996],
              [0, 0, 0, 0, 0, 0, 2, 1908, 0, 0, -2, -1908, 0, 0, 0, 0],
              [0, 0, 0, 0, 0, 0, 0, 0, 0, 0, 0, 0, 1, 333, 110889, 36926037],
              [0, 0, 0, 0, 0, 0, 0, 0, 0, 0, 0, 0, 1, 332, 110224, 36594368],
              [0, 0, 0, 0, 0, 0, 0, 0, 0, 0, 2, 1992, 0, 0, -2, -1992],
              [0, 0, 0, 0, 0, 0, 0, 0, 0, 0, 0, 0, 0, 0, 2, 1998]])

b = np.array([[0.02],
              [0.2],
              [0],
              [0],
              [0],
              [0],
              [0],
              [0],
              [0],
              [-0.04],
              [0],
              [0],
              [0.17],
              [0.06],
              [0],
              [0]])

# Número máximo de iterações
max_iter = 100

# Tolerância para convergência
tolerance = 1e-7

# Inicialização do vetor de solução
x = np.zeros_like(b)

# Iterações do método de Gauss-Jacobi
for iteration in range(max_iter):
    x_new = np.zeros_like(x)
    for i in range(len(b)):
        x_new[i] = (b[i] - np.dot(A[i, :i], x[:i]) - np.dot(A[i, i+1:], x[i+1:])) / A[i, i]
    if np.all(np.abs(x - x_new) < tolerance):
        break
    x = x_new


print("Solução aproximada:")
print(x)
